service_id,date,exception_type
1,20240101,2
1,20240212,2
1,20240401,2
1,20240610,2
1,20240701,2
2,20240213,2
2,20241001,2
3,20240101,2
3,20240212,2
3,20240213,2
3,20240401,2
3,20240610,2
3,20240701,2
3,20241001,2
4,20240501,2
4,20240515,2
4,20240918,2
4,20241225,2
5,20240101,2
5,20240212,2
5,20240401,2
5,20240501,2
5,20240515,2
5,20240610,2
5,20240701,2
5,20240918,2
5,20241225,2
6,20240213,2
6,20240501,2
6,20240515,2
6,20240918,2
6,20241001,2
6,20241225,2
7,20240101,2
7,20240212,2
7,20240213,2
7,20240401,2
7,20240501,2
7,20240515,2
7,20240610,2
7,20240701,2
7,20240918,2
7,20241001,2
7,20241225,2
8,20240404,2
8,20241226,2
9,20240101,2
9,20240212,2
9,20240401,2
9,20240404,2
9,20240610,2
9,20240701,2
9,20241226,2
10,20240213,2
10,20240404,2
10,20241001,2
10,20241226,2
11,20240101,2
11,20240212,2
11,20240213,2
11,20240401,2
11,20240404,2
11,20240610,2
11,20240701,2
11,20241001,2
11,20241226,2
12,20240404,2
12,20240501,2
12,20240515,2
12,20240918,2
12,20241225,2
12,20241226,2
13,20240101,2
13,20240212,2
13,20240401,2
13,20240404,2
13,20240501,2
13,20240515,2
13,20240610,2
13,20240701,2
13,20240918,2
13,20241225,2
13,20241226,2
14,20240213,2
14,20240404,2
14,20240501,2
14,20240515,2
14,20240918,2
14,20241001,2
14,20241225,2
14,20241226,2
15,20240101,2
15,20240212,2
15,20240213,2
15,20240401,2
15,20240404,2
15,20240501,2
15,20240515,2
15,20240610,2
15,20240701,2
15,20240918,2
15,20241001,2
15,20241225,2
15,20241226,2
16,20240329,2
16,20241011,2
17,20240101,2
17,20240212,2
17,20240329,2
17,20240401,2
17,20240610,2
17,20240701,2
17,20241011,2
18,20240213,2
18,20240329,2
18,20241001,2
18,20241011,2
19,20240101,2
19,20240212,2
19,20240213,2
19,20240329,2
19,20240401,2
19,20240610,2
19,20240701,2
19,20241001,2
19,20241011,2
20,20240329,2
20,20240501,2
20,20240515,2
20,20240918,2
20,20241011,2
20,20241225,2
21,20240101,2
21,20240212,2
21,20240329,2
21,20240401,2
21,20240501,2
21,20240515,2
21,20240610,2
21,20240701,2
21,20240918,2
21,20241011,2
21,20241225,2
22,20240213,2
22,20240329,2
22,20240501,2
22,20240515,2
22,20240918,2
22,20241001,2
22,20241011,2
22,20241225,2
23,20240101,2
23,20240212,2
23,20240213,2
23,20240329,2
23,20240401,2
23,20240501,2
23,20240515,2
23,20240610,2
23,20240701,2
23,20240918,2
23,20241001,2
23,20241011,2
23,20241225,2
24,20240329,2
24,20240404,2
24,20241011,2
24,20241226,2
25,20240101,2
25,20240212,2
25,20240329,2
25,20240401,2
25,20240404,2
25,20240610,2
25,20240701,2
25,20241011,2
25,20241226,2
26,20240213,2
26,20240329,2
26,20240404,2
26,20241001,2
26,20241011,2
26,20241226,2
27,20240101,2
27,20240212,2
27,20240213,2
27,20240329,2
27,20240401,2
27,20240404,2
27,20240610,2
27,20240701,2
27,20241001,2
27,20241011,2
27,20241226,2
28,20240329,2
28,20240404,2
28,20240501,2
28,20240515,2
28,20240918,2
28,20241011,2
28,20241225,2
28,20241226,2
29,20240101,2
29,20240212,2
29,20240329,2
29,20240401,2
29,20240404,2
29,20240501,2
29,20240515,2
29,20240610,2
29,20240701,2
29,20240918,2
29,20241011,2
29,20241225,2
29,20241226,2
30,20240213,2
30,20240329,2
30,20240404,2
30,20240501,2
30,20240515,2
30,20240918,2
30,20241001,2
30,20241011,2
30,20241225,2
30,20241226,2
31,20240101,2
31,20240212,2
31,20240213,2
31,20240329,2
31,20240401,2
31,20240404,2
31,20240501,2
31,20240515,2
31,20240610,2
31,20240701,2
31,20240918,2
31,20241001,2
31,20241011,2
31,20241225,2
31,20241226,2
32,20240210,2
32,20240330,2
33,20240101,2
33,20240210,2
33,20240212,2
33,20240330,2
33,20240401,2
33,20240610,2
33,20240701,2
34,20240210,2
34,20240213,2
34,20240330,2
34,20241001,2
35,20240101,2
35,20240210,2
35,20240212,2
35,20240213,2
35,20240330,2
35,20240401,2
35,20240610,2
35,20240701,2
35,20241001,2
36,20240210,2
36,20240330,2
36,20240501,2
36,20240515,2
36,20240918,2
36,20241225,2
37,20240101,2
37,20240210,2
37,20240212,2
37,20240330,2
37,20240401,2
37,20240501,2
37,20240515,2
37,20240610,2
37,20240701,2
37,20240918,2
37,20241225,2
38,20240210,2
38,20240213,2
38,20240330,2
38,20240501,2
38,20240515,2
38,20240918,2
38,20241001,2
38,20241225,2
39,20240101,2
39,20240210,2
39,20240212,2
39,20240213,2
39,20240330,2
39,20240401,2
39,20240501,2
39,20240515,2
39,20240610,2
39,20240701,2
39,20240918,2
39,20241001,2
39,20241225,2
40,20240210,2
40,20240330,2
40,20240404,2
40,20241226,2
41,20240101,2
41,20240210,2
41,20240212,2
41,20240330,2
41,20240401,2
41,20240404,2
41,20240610,2
41,20240701,2
41,20241226,2
42,20240210,2
42,20240213,2
42,20240330,2
42,20240404,2
42,20241001,2
42,20241226,2
43,20240101,2
43,20240210,2
43,20240212,2
43,20240213,2
43,20240330,2
43,20240401,2
43,20240404,2
43,20240610,2
43,20240701,2
43,20241001,2
43,20241226,2
44,20240210,2
44,20240330,2
44,20240404,2
44,20240501,2
44,20240515,2
44,20240918,2
44,20241225,2
44,20241226,2
45,20240101,2
45,20240210,2
45,20240212,2
45,20240330,2
45,20240401,2
45,20240404,2
45,20240501,2
45,20240515,2
45,20240610,2
45,20240701,2
45,20240918,2
45,20241225,2
45,20241226,2
46,20240210,2
46,20240213,2
46,20240330,2
46,20240404,2
46,20240501,2
46,20240515,2
46,20240918,2
46,20241001,2
46,20241225,2
46,20241226,2
47,20240101,2
47,20240210,2
47,20240212,2
47,20240213,2
47,20240330,2
47,20240401,2
47,20240404,2
47,20240501,2
47,20240515,2
47,20240610,2
47,20240701,2
47,20240918,2
47,20241001,2
47,20241225,2
47,20241226,2
48,20240210,2
48,20240329,2
48,20240330,2
48,20241011,2
49,20240101,2
49,20240210,2
49,20240212,2
49,20240329,2
49,20240330,2
49,20240401,2
49,20240610,2
49,20240701,2
49,20241011,2
50,20240210,2
50,20240213,2
50,20240329,2
50,20240330,2
50,20241001,2
50,20241011,2
51,20240101,2
51,20240210,2
51,20240212,2
51,20240213,2
51,20240329,2
51,20240330,2
51,20240401,2
51,20240610,2
51,20240701,2
51,20241001,2
51,20241011,2
52,20240210,2
52,20240329,2
52,20240330,2
52,20240501,2
52,20240515,2
52,20240918,2
52,20241011,2
52,20241225,2
53,20240101,2
53,20240210,2
53,20240212,2
53,20240329,2
53,20240330,2
53,20240401,2
53,20240501,2
53,20240515,2
53,20240610,2
53,20240701,2
53,20240918,2
53,20241011,2
53,20241225,2
54,20240210,2
54,20240213,2
54,20240329,2
54,20240330,2
54,20240501,2
54,20240515,2
54,20240918,2
54,20241001,2
54,20241011,2
54,20241225,2
55,20240101,2
55,20240210,2
55,20240212,2
55,20240213,2
55,20240329,2
55,20240330,2
55,20240401,2
55,20240501,2
55,20240515,2
55,20240610,2
55,20240701,2
55,20240918,2
55,20241001,2
55,20241011,2
55,20241225,2
56,20240210,2
56,20240329,2
56,20240330,2
56,20240404,2
56,20241011,2
56,20241226,2
57,20240101,2
57,20240210,2
57,20240212,2
57,20240329,2
57,20240330,2
57,20240401,2
57,20240404,2
57,20240610,2
57,20240701,2
57,20241011,2
57,20241226,2
58,20240210,2
58,20240213,2
58,20240329,2
58,20240330,2
58,20240404,2
58,20241001,2
58,20241011,2
58,20241226,2
59,20240101,2
59,20240210,2
59,20240212,2
59,20240213,2
59,20240329,2
59,20240330,2
59,20240401,2
59,20240404,2
59,20240610,2
59,20240701,2
59,20241001,2
59,20241011,2
59,20241226,2
60,20240210,2
60,20240329,2
60,20240330,2
60,20240404,2
60,20240501,2
60,20240515,2
60,20240918,2
60,20241011,2
60,20241225,2
60,20241226,2
61,20240101,2
61,20240210,2
61,20240212,2
61,20240329,2
61,20240330,2
61,20240401,2
61,20240404,2
61,20240501,2
61,20240515,2
61,20240610,2
61,20240701,2
61,20240918,2
61,20241011,2
61,20241225,2
61,20241226,2
62,20240210,2
62,20240213,2
62,20240329,2
62,20240330,2
62,20240404,2
62,20240501,2
62,20240515,2
62,20240918,2
62,20241001,2
62,20241011,2
62,20241225,2
62,20241226,2
63,20240101,2
63,20240210,2
63,20240212,2
63,20240213,2
63,20240329,2
63,20240330,2
63,20240401,2
63,20240404,2
63,20240501,2
63,20240515,2
63,20240610,2
63,20240701,2
63,20240918,2
63,20241001,2
63,20241011,2
63,20241225,2
63,20241226,2
65,20240101,2
65,20240212,2
65,20240401,2
65,20240610,2
65,20240701,2
66,20240213,2
66,20241001,2
67,20240101,2
67,20240212,2
67,20240213,2
67,20240401,2
67,20240610,2
67,20240701,2
67,20241001,2
68,20240501,2
68,20240515,2
68,20240918,2
68,20241225,2
69,20240101,2
69,20240212,2
69,20240401,2
69,20240501,2
69,20240515,2
69,20240610,2
69,20240701,2
69,20240918,2
69,20241225,2
70,20240213,2
70,20240501,2
70,20240515,2
70,20240918,2
70,20241001,2
70,20241225,2
71,20240101,2
71,20240212,2
71,20240213,2
71,20240401,2
71,20240501,2
71,20240515,2
71,20240610,2
71,20240701,2
71,20240918,2
71,20241001,2
71,20241225,2
72,20240404,2
72,20241226,2
73,20240101,2
73,20240212,2
73,20240401,2
73,20240404,2
73,20240610,2
73,20240701,2
73,20241226,2
74,20240213,2
74,20240404,2
74,20241001,2
74,20241226,2
75,20240101,2
75,20240212,2
75,20240213,2
75,20240401,2
75,20240404,2
75,20240610,2
75,20240701,2
75,20241001,2
75,20241226,2
76,20240404,2
76,20240501,2
76,20240515,2
76,20240918,2
76,20241225,2
76,20241226,2
77,20240101,2
77,20240212,2
77,20240401,2
77,20240404,2
77,20240501,2
77,20240515,2
77,20240610,2
77,20240701,2
77,20240918,2
77,20241225,2
77,20241226,2
78,20240213,2
78,20240404,2
78,20240501,2
78,20240515,2
78,20240918,2
78,20241001,2
78,20241225,2
78,20241226,2
79,20240101,2
79,20240212,2
79,20240213,2
79,20240401,2
79,20240404,2
79,20240501,2
79,20240515,2
79,20240610,2
79,20240701,2
79,20240918,2
79,20241001,2
79,20241225,2
79,20241226,2
80,20240329,2
80,20241011,2
81,20240101,2
81,20240212,2
81,20240329,2
81,20240401,2
81,20240610,2
81,20240701,2
81,20241011,2
82,20240213,2
82,20240329,2
82,20241001,2
82,20241011,2
83,20240101,2
83,20240212,2
83,20240213,2
83,20240329,2
83,20240401,2
83,20240610,2
83,20240701,2
83,20241001,2
83,20241011,2
84,20240329,2
84,20240501,2
84,20240515,2
84,20240918,2
84,20241011,2
84,20241225,2
85,20240101,2
85,20240212,2
85,20240329,2
85,20240401,2
85,20240501,2
85,20240515,2
85,20240610,2
85,20240701,2
85,20240918,2
85,20241011,2
85,20241225,2
86,20240213,2
86,20240329,2
86,20240501,2
86,20240515,2
86,20240918,2
86,20241001,2
86,20241011,2
86,20241225,2
87,20240101,2
87,20240212,2
87,20240213,2
87,20240329,2
87,20240401,2
87,20240501,2
87,20240515,2
87,20240610,2
87,20240701,2
87,20240918,2
87,20241001,2
87,20241011,2
87,20241225,2
88,20240329,2
88,20240404,2
88,20241011,2
88,20241226,2
89,20240101,2
89,20240212,2
89,20240329,2
89,20240401,2
89,20240404,2
89,20240610,2
89,20240701,2
89,20241011,2
89,20241226,2
90,20240213,2
90,20240329,2
90,20240404,2
90,20241001,2
90,20241011,2
90,20241226,2
91,20240101,2
91,20240212,2
91,20240213,2
91,20240329,2
91,20240401,2
91,20240404,2
91,20240610,2
91,20240701,2
91,20241001,2
91,20241011,2
91,20241226,2
92,20240329,2
92,20240404,2
92,20240501,2
92,20240515,2
92,20240918,2
92,20241011,2
92,20241225,2
92,20241226,2
93,20240101,2
93,20240212,2
93,20240329,2
93,20240401,2
93,20240404,2
93,20240501,2
93,20240515,2
93,20240610,2
93,20240701,2
93,20240918,2
93,20241011,2
93,20241225,2
93,20241226,2
94,20240213,2
94,20240329,2
94,20240404,2
94,20240501,2
94,20240515,2
94,20240918,2
94,20241001,2
94,20241011,2
94,20241225,2
94,20241226,2
95,20240101,2
95,20240212,2
95,20240213,2
95,20240329,2
95,20240401,2
95,20240404,2
95,20240501,2
95,20240515,2
95,20240610,2
95,20240701,2
95,20240918,2
95,20241001,2
95,20241011,2
95,20241225,2
95,20241226,2
96,20240210,2
96,20240330,2
97,20240101,2
97,20240210,2
97,20240212,2
97,20240330,2
97,20240401,2
97,20240610,2
97,20240701,2
98,20240210,2
98,20240213,2
98,20240330,2
98,20241001,2
99,20240101,2
99,20240210,2
99,20240212,2
99,20240213,2
99,20240330,2
99,20240401,2
99,20240610,2
99,20240701,2
99,20241001,2
100,20240210,2
100,20240330,2
100,20240501,2
100,20240515,2
100,20240918,2
100,20241225,2
101,20240101,2
101,20240210,2
101,20240212,2
101,20240330,2
101,20240401,2
101,20240501,2
101,20240515,2
101,20240610,2
101,20240701,2
101,20240918,2
101,20241225,2
102,20240210,2
102,20240213,2
102,20240330,2
102,20240501,2
102,20240515,2
102,20240918,2
102,20241001,2
102,20241225,2
103,20240101,2
103,20240210,2
103,20240212,2
103,20240213,2
103,20240330,2
103,20240401,2
103,20240501,2
103,20240515,2
103,20240610,2
103,20240701,2
103,20240918,2
103,20241001,2
103,20241225,2
104,20240210,2
104,20240330,2
104,20240404,2
104,20241226,2
105,20240101,2
105,20240210,2
105,20240212,2
105,20240330,2
105,20240401,2
105,20240404,2
105,20240610,2
105,20240701,2
105,20241226,2
106,20240210,2
106,20240213,2
106,20240330,2
106,20240404,2
106,20241001,2
106,20241226,2
107,20240101,2
107,20240210,2
107,20240212,2
107,20240213,2
107,20240330,2
107,20240401,2
107,20240404,2
107,20240610,2
107,20240701,2
107,20241001,2
107,20241226,2
108,20240210,2
108,20240330,2
108,20240404,2
108,20240501,2
108,20240515,2
108,20240918,2
108,20241225,2
108,20241226,2
109,20240101,2
109,20240210,2
109,20240212,2
109,20240330,2
109,20240401,2
109,20240404,2
109,20240501,2
109,20240515,2
109,20240610,2
109,20240701,2
109,20240918,2
109,20241225,2
109,20241226,2
110,20240210,2
110,20240213,2
110,20240330,2
110,20240404,2
110,20240501,2
110,20240515,2
110,20240918,2
110,20241001,2
110,20241225,2
110,20241226,2
111,20240101,2
111,20240210,2
111,20240212,2
111,20240213,2
111,20240330,2
111,20240401,2
111,20240404,2
111,20240501,2
111,20240515,2
111,20240610,2
111,20240701,2
111,20240918,2
111,20241001,2
111,20241225,2
111,20241226,2
112,20240210,2
112,20240329,2
112,20240330,2
112,20241011,2
113,20240101,2
113,20240210,2
113,20240212,2
113,20240329,2
113,20240330,2
113,20240401,2
113,20240610,2
113,20240701,2
113,20241011,2
114,20240210,2
114,20240213,2
114,20240329,2
114,20240330,2
114,20241001,2
114,20241011,2
115,20240101,2
115,20240210,2
115,20240212,2
115,20240213,2
115,20240329,2
115,20240330,2
115,20240401,2
115,20240610,2
115,20240701,2
115,20241001,2
115,20241011,2
116,20240210,2
116,20240329,2
116,20240330,2
116,20240501,2
116,20240515,2
116,20240918,2
116,20241011,2
116,20241225,2
117,20240101,2
117,20240210,2
117,20240212,2
117,20240329,2
117,20240330,2
117,20240401,2
117,20240501,2
117,20240515,2
117,20240610,2
117,20240701,2
117,20240918,2
117,20241011,2
117,20241225,2
118,20240210,2
118,20240213,2
118,20240329,2
118,20240330,2
118,20240501,2
118,20240515,2
118,20240918,2
118,20241001,2
118,20241011,2
118,20241225,2
119,20240101,2
119,20240210,2
119,20240212,2
119,20240213,2
119,20240329,2
119,20240330,2
119,20240401,2
119,20240501,2
119,20240515,2
119,20240610,2
119,20240701,2
119,20240918,2
119,20241001,2
119,20241011,2
119,20241225,2
120,20240210,2
120,20240329,2
120,20240330,2
120,20240404,2
120,20241011,2
120,20241226,2
121,20240101,2
121,20240210,2
121,20240212,2
121,20240329,2
121,20240330,2
121,20240401,2
121,20240404,2
121,20240610,2
121,20240701,2
121,20241011,2
121,20241226,2
122,20240210,2
122,20240213,2
122,20240329,2
122,20240330,2
122,20240404,2
122,20241001,2
122,20241011,2
122,20241226,2
123,20240101,2
123,20240210,2
123,20240212,2
123,20240213,2
123,20240329,2
123,20240330,2
123,20240401,2
123,20240404,2
123,20240610,2
123,20240701,2
123,20241001,2
123,20241011,2
123,20241226,2
124,20240210,2
124,20240329,2
124,20240330,2
124,20240404,2
124,20240501,2
124,20240515,2
124,20240918,2
124,20241011,2
124,20241225,2
124,20241226,2
125,20240101,2
125,20240210,2
125,20240212,2
125,20240329,2
125,20240330,2
125,20240401,2
125,20240404,2
125,20240501,2
125,20240515,2
125,20240610,2
125,20240701,2
125,20240918,2
125,20241011,2
125,20241225,2
125,20241226,2
126,20240210,2
126,20240213,2
126,20240329,2
126,20240330,2
126,20240404,2
126,20240501,2
126,20240515,2
126,20240918,2
126,20241001,2
126,20241011,2
126,20241225,2
126,20241226,2
127,20240101,2
127,20240210,2
127,20240212,2
127,20240213,2
127,20240329,2
127,20240330,2
127,20240401,2
127,20240404,2
127,20240501,2
127,20240515,2
127,20240610,2
127,20240701,2
127,20240918,2
127,20241001,2
127,20241011,2
127,20241225,2
127,20241226,2
128,20240101,1
128,20240210,1
128,20240212,1
128,20240213,1
128,20240329,1
128,20240330,1
128,20240401,1
128,20240404,1
128,20240501,1
128,20240515,1
128,20240610,1
128,20240701,1
128,20240918,1
128,20241001,1
128,20241011,1
128,20241225,1
128,20241226,1
129,20240210,1
129,20240213,1
129,20240329,1
129,20240330,1
129,20240404,1
129,20240501,1
129,20240515,1
129,20240918,1
129,20241001,1
129,20241011,1
129,20241225,1
129,20241226,1
130,20240101,1
130,20240210,1
130,20240212,1
130,20240329,1
130,20240330,1
130,20240401,1
130,20240404,1
130,20240501,1
130,20240515,1
130,20240610,1
130,20240701,1
130,20240918,1
130,20241011,1
130,20241225,1
130,20241226,1
131,20240210,1
131,20240329,1
131,20240330,1
131,20240404,1
131,20240501,1
131,20240515,1
131,20240918,1
131,20241011,1
131,20241225,1
131,20241226,1
132,20240101,1
132,20240210,1
132,20240212,1
132,20240213,1
132,20240329,1
132,20240330,1
132,20240401,1
132,20240404,1
132,20240610,1
132,20240701,1
132,20241001,1
132,20241011,1
132,20241226,1
133,20240210,1
133,20240213,1
133,20240329,1
133,20240330,1
133,20240404,1
133,20241001,1
133,20241011,1
133,20241226,1
134,20240101,1
134,20240210,1
134,20240212,1
134,20240329,1
134,20240330,1
134,20240401,1
134,20240404,1
134,20240610,1
134,20240701,1
134,20241011,1
134,20241226,1
135,20240210,1
135,20240329,1
135,20240330,1
135,20240404,1
135,20241011,1
135,20241226,1
136,20240101,1
136,20240210,1
136,20240212,1
136,20240213,1
136,20240329,1
136,20240330,1
136,20240401,1
136,20240501,1
136,20240515,1
136,20240610,1
136,20240701,1
136,20240918,1
136,20241001,1
136,20241011,1
136,20241225,1
137,20240210,1
137,20240213,1
137,20240329,1
137,20240330,1
137,20240501,1
137,20240515,1
137,20240918,1
137,20241001,1
137,20241011,1
137,20241225,1
138,20240101,1
138,20240210,1
138,20240212,1
138,20240329,1
138,20240330,1
138,20240401,1
138,20240501,1
138,20240515,1
138,20240610,1
138,20240701,1
138,20240918,1
138,20241011,1
138,20241225,1
139,20240210,1
139,20240329,1
139,20240330,1
139,20240501,1
139,20240515,1
139,20240918,1
139,20241011,1
139,20241225,1
140,20240101,1
140,20240210,1
140,20240212,1
140,20240213,1
140,20240329,1
140,20240330,1
140,20240401,1
140,20240610,1
140,20240701,1
140,20241001,1
140,20241011,1
141,20240210,1
141,20240213,1
141,20240329,1
141,20240330,1
141,20241001,1
141,20241011,1
142,20240101,1
142,20240210,1
142,20240212,1
142,20240329,1
142,20240330,1
142,20240401,1
142,20240610,1
142,20240701,1
142,20241011,1
143,20240210,1
143,20240329,1
143,20240330,1
143,20241011,1
144,20240101,1
144,20240210,1
144,20240212,1
144,20240213,1
144,20240330,1
144,20240401,1
144,20240404,1
144,20240501,1
144,20240515,1
144,20240610,1
144,20240701,1
144,20240918,1
144,20241001,1
144,20241225,1
144,20241226,1
145,20240210,1
145,20240213,1
145,20240330,1
145,20240404,1
145,20240501,1
145,20240515,1
145,20240918,1
145,20241001,1
145,20241225,1
145,20241226,1
146,20240101,1
146,20240210,1
146,20240212,1
146,20240330,1
146,20240401,1
146,20240404,1
146,20240501,1
146,20240515,1
146,20240610,1
146,20240701,1
146,20240918,1
146,20241225,1
146,20241226,1
147,20240210,1
147,20240330,1
147,20240404,1
147,20240501,1
147,20240515,1
147,20240918,1
147,20241225,1
147,20241226,1
148,20240101,1
148,20240210,1
148,20240212,1
148,20240213,1
148,20240330,1
148,20240401,1
148,20240404,1
148,20240610,1
148,20240701,1
148,20241001,1
148,20241226,1
149,20240210,1
149,20240213,1
149,20240330,1
149,20240404,1
149,20241001,1
149,20241226,1
150,20240101,1
150,20240210,1
150,20240212,1
150,20240330,1
150,20240401,1
150,20240404,1
150,20240610,1
150,20240701,1
150,20241226,1
151,20240210,1
151,20240330,1
151,20240404,1
151,20241226,1
152,20240101,1
152,20240210,1
152,20240212,1
152,20240213,1
152,20240330,1
152,20240401,1
152,20240501,1
152,20240515,1
152,20240610,1
152,20240701,1
152,20240918,1
152,20241001,1
152,20241225,1
153,20240210,1
153,20240213,1
153,20240330,1
153,20240501,1
153,20240515,1
153,20240918,1
153,20241001,1
153,20241225,1
154,20240101,1
154,20240210,1
154,20240212,1
154,20240330,1
154,20240401,1
154,20240501,1
154,20240515,1
154,20240610,1
154,20240701,1
154,20240918,1
154,20241225,1
155,20240210,1
155,20240330,1
155,20240501,1
155,20240515,1
155,20240918,1
155,20241225,1
156,20240101,1
156,20240210,1
156,20240212,1
156,20240213,1
156,20240330,1
156,20240401,1
156,20240610,1
156,20240701,1
156,20241001,1
157,20240210,1
157,20240213,1
157,20240330,1
157,20241001,1
158,20240101,1
158,20240210,1
158,20240212,1
158,20240330,1
158,20240401,1
158,20240610,1
158,20240701,1
159,20240210,1
159,20240330,1
160,20240101,1
160,20240212,1
160,20240213,1
160,20240329,1
160,20240401,1
160,20240404,1
160,20240501,1
160,20240515,1
160,20240610,1
160,20240701,1
160,20240918,1
160,20241001,1
160,20241011,1
160,20241225,1
160,20241226,1
161,20240213,1
161,20240329,1
161,20240404,1
161,20240501,1
161,20240515,1
161,20240918,1
161,20241001,1
161,20241011,1
161,20241225,1
161,20241226,1
162,20240101,1
162,20240212,1
162,20240329,1
162,20240401,1
162,20240404,1
162,20240501,1
162,20240515,1
162,20240610,1
162,20240701,1
162,20240918,1
162,20241011,1
162,20241225,1
162,20241226,1
163,20240329,1
163,20240404,1
163,20240501,1
163,20240515,1
163,20240918,1
163,20241011,1
163,20241225,1
163,20241226,1
164,20240101,1
164,20240212,1
164,20240213,1
164,20240329,1
164,20240401,1
164,20240404,1
164,20240610,1
164,20240701,1
164,20241001,1
164,20241011,1
164,20241226,1
165,20240213,1
165,20240329,1
165,20240404,1
165,20241001,1
165,20241011,1
165,20241226,1
166,20240101,1
166,20240212,1
166,20240329,1
166,20240401,1
166,20240404,1
166,20240610,1
166,20240701,1
166,20241011,1
166,20241226,1
167,20240329,1
167,20240404,1
167,20241011,1
167,20241226,1
168,20240101,1
168,20240212,1
168,20240213,1
168,20240329,1
168,20240401,1
168,20240501,1
168,20240515,1
168,20240610,1
168,20240701,1
168,20240918,1
168,20241001,1
168,20241011,1
168,20241225,1
169,20240213,1
169,20240329,1
169,20240501,1
169,20240515,1
169,20240918,1
169,20241001,1
169,20241011,1
169,20241225,1
170,20240101,1
170,20240212,1
170,20240329,1
170,20240401,1
170,20240501,1
170,20240515,1
170,20240610,1
170,20240701,1
170,20240918,1
170,20241011,1
170,20241225,1
171,20240329,1
171,20240501,1
171,20240515,1
171,20240918,1
171,20241011,1
171,20241225,1
172,20240101,1
172,20240212,1
172,20240213,1
172,20240329,1
172,20240401,1
172,20240610,1
172,20240701,1
172,20241001,1
172,20241011,1
173,20240213,1
173,20240329,1
173,20241001,1
173,20241011,1
174,20240101,1
174,20240212,1
174,20240329,1
174,20240401,1
174,20240610,1
174,20240701,1
174,20241011,1
175,20240329,1
175,20241011,1
176,20240101,1
176,20240212,1
176,20240213,1
176,20240401,1
176,20240404,1
176,20240501,1
176,20240515,1
176,20240610,1
176,20240701,1
176,20240918,1
176,20241001,1
176,20241225,1
176,20241226,1
177,20240213,1
177,20240404,1
177,20240501,1
177,20240515,1
177,20240918,1
177,20241001,1
177,20241225,1
177,20241226,1
178,20240101,1
178,20240212,1
178,20240401,1
178,20240404,1
178,20240501,1
178,20240515,1
178,20240610,1
178,20240701,1
178,20240918,1
178,20241225,1
178,20241226,1
179,20240404,1
179,20240501,1
179,20240515,1
179,20240918,1
179,20241225,1
179,20241226,1
180,20240101,1
180,20240212,1
180,20240213,1
180,20240401,1
180,20240404,1
180,20240610,1
180,20240701,1
180,20241001,1
180,20241226,1
181,20240213,1
181,20240404,1
181,20241001,1
181,20241226,1
182,20240101,1
182,20240212,1
182,20240401,1
182,20240404,1
182,20240610,1
182,20240701,1
182,20241226,1
183,20240404,1
183,20241226,1
184,20240101,1
184,20240212,1
184,20240213,1
184,20240401,1
184,20240501,1
184,20240515,1
184,20240610,1
184,20240701,1
184,20240918,1
184,20241001,1
184,20241225,1
185,20240213,1
185,20240501,1
185,20240515,1
185,20240918,1
185,20241001,1
185,20241225,1
186,20240101,1
186,20240212,1
186,20240401,1
186,20240501,1
186,20240515,1
186,20240610,1
186,20240701,1
186,20240918,1
186,20241225,1
187,20240501,1
187,20240515,1
187,20240918,1
187,20241225,1
188,20240101,1
188,20240212,1
188,20240213,1
188,20240401,1
188,20240610,1
188,20240701,1
188,20241001,1
189,20240213,1
189,20241001,1
190,20240101,1
190,20240212,1
190,20240401,1
190,20240610,1
190,20240701,1
192,20240101,1
192,20240210,1
192,20240212,1
192,20240213,1
192,20240329,1
192,20240330,1
192,20240401,1
192,20240404,1
192,20240501,1
192,20240515,1
192,20240610,1
192,20240701,1
192,20240918,1
192,20241001,1
192,20241011,1
192,20241225,1
192,20241226,1
193,20240210,1
193,20240213,1
193,20240329,1
193,20240330,1
193,20240404,1
193,20240501,1
193,20240515,1
193,20240918,1
193,20241001,1
193,20241011,1
193,20241225,1
193,20241226,1
194,20240101,1
194,20240210,1
194,20240212,1
194,20240329,1
194,20240330,1
194,20240401,1
194,20240404,1
194,20240501,1
194,20240515,1
194,20240610,1
194,20240701,1
194,20240918,1
194,20241011,1
194,20241225,1
194,20241226,1
195,20240210,1
195,20240329,1
195,20240330,1
195,20240404,1
195,20240501,1
195,20240515,1
195,20240918,1
195,20241011,1
195,20241225,1
195,20241226,1
196,20240101,1
196,20240210,1
196,20240212,1
196,20240213,1
196,20240329,1
196,20240330,1
196,20240401,1
196,20240404,1
196,20240610,1
196,20240701,1
196,20241001,1
196,20241011,1
196,20241226,1
197,20240210,1
197,20240213,1
197,20240329,1
197,20240330,1
197,20240404,1
197,20241001,1
197,20241011,1
197,20241226,1
198,20240101,1
198,20240210,1
198,20240212,1
198,20240329,1
198,20240330,1
198,20240401,1
198,20240404,1
198,20240610,1
198,20240701,1
198,20241011,1
198,20241226,1
199,20240210,1
199,20240329,1
199,20240330,1
199,20240404,1
199,20241011,1
199,20241226,1
200,20240101,1
200,20240210,1
200,20240212,1
200,20240213,1
200,20240329,1
200,20240330,1
200,20240401,1
200,20240501,1
200,20240515,1
200,20240610,1
200,20240701,1
200,20240918,1
200,20241001,1
200,20241011,1
200,20241225,1
201,20240210,1
201,20240213,1
201,20240329,1
201,20240330,1
201,20240501,1
201,20240515,1
201,20240918,1
201,20241001,1
201,20241011,1
201,20241225,1
202,20240101,1
202,20240210,1
202,20240212,1
202,20240329,1
202,20240330,1
202,20240401,1
202,20240501,1
202,20240515,1
202,20240610,1
202,20240701,1
202,20240918,1
202,20241011,1
202,20241225,1
203,20240210,1
203,20240329,1
203,20240330,1
203,20240501,1
203,20240515,1
203,20240918,1
203,20241011,1
203,20241225,1
204,20240101,1
204,20240210,1
204,20240212,1
204,20240213,1
204,20240329,1
204,20240330,1
204,20240401,1
204,20240610,1
204,20240701,1
204,20241001,1
204,20241011,1
205,20240210,1
205,20240213,1
205,20240329,1
205,20240330,1
205,20241001,1
205,20241011,1
206,20240101,1
206,20240210,1
206,20240212,1
206,20240329,1
206,20240330,1
206,20240401,1
206,20240610,1
206,20240701,1
206,20241011,1
207,20240210,1
207,20240329,1
207,20240330,1
207,20241011,1
208,20240101,1
208,20240210,1
208,20240212,1
208,20240213,1
208,20240330,1
208,20240401,1
208,20240404,1
208,20240501,1
208,20240515,1
208,20240610,1
208,20240701,1
208,20240918,1
208,20241001,1
208,20241225,1
208,20241226,1
209,20240210,1
209,20240213,1
209,20240330,1
209,20240404,1
209,20240501,1
209,20240515,1
209,20240918,1
209,20241001,1
209,20241225,1
209,20241226,1
210,20240101,1
210,20240210,1
210,20240212,1
210,20240330,1
210,20240401,1
210,20240404,1
210,20240501,1
210,20240515,1
210,20240610,1
210,20240701,1
210,20240918,1
210,20241225,1
210,20241226,1
211,20240210,1
211,20240330,1
211,20240404,1
211,20240501,1
211,20240515,1
211,20240918,1
211,20241225,1
211,20241226,1
212,20240101,1
212,20240210,1
212,20240212,1
212,20240213,1
212,20240330,1
212,20240401,1
212,20240404,1
212,20240610,1
212,20240701,1
212,20241001,1
212,20241226,1
213,20240210,1
213,20240213,1
213,20240330,1
213,20240404,1
213,20241001,1
213,20241226,1
214,20240101,1
214,20240210,1
214,20240212,1
214,20240330,1
214,20240401,1
214,20240404,1
214,20240610,1
214,20240701,1
214,20241226,1
215,20240210,1
215,20240330,1
215,20240404,1
215,20241226,1
216,20240101,1
216,20240210,1
216,20240212,1
216,20240213,1
216,20240330,1
216,20240401,1
216,20240501,1
216,20240515,1
216,20240610,1
216,20240701,1
216,20240918,1
216,20241001,1
216,20241225,1
217,20240210,1
217,20240213,1
217,20240330,1
217,20240501,1
217,20240515,1
217,20240918,1
217,20241001,1
217,20241225,1
218,20240101,1
218,20240210,1
218,20240212,1
218,20240330,1
218,20240401,1
218,20240501,1
218,20240515,1
218,20240610,1
218,20240701,1
218,20240918,1
218,20241225,1
219,20240210,1
219,20240330,1
219,20240501,1
219,20240515,1
219,20240918,1
219,20241225,1
220,20240101,1
220,20240210,1
220,20240212,1
220,20240213,1
220,20240330,1
220,20240401,1
220,20240610,1
220,20240701,1
220,20241001,1
221,20240210,1
221,20240213,1
221,20240330,1
221,20241001,1
222,20240101,1
222,20240210,1
222,20240212,1
222,20240330,1
222,20240401,1
222,20240610,1
222,20240701,1
223,20240210,1
223,20240330,1
224,20240101,1
224,20240212,1
224,20240213,1
224,20240329,1
224,20240401,1
224,20240404,1
224,20240501,1
224,20240515,1
224,20240610,1
224,20240701,1
224,20240918,1
224,20241001,1
224,20241011,1
224,20241225,1
224,20241226,1
225,20240213,1
225,20240329,1
225,20240404,1
225,20240501,1
225,20240515,1
225,20240918,1
225,20241001,1
225,20241011,1
225,20241225,1
225,20241226,1
226,20240101,1
226,20240212,1
226,20240329,1
226,20240401,1
226,20240404,1
226,20240501,1
226,20240515,1
226,20240610,1
226,20240701,1
226,20240918,1
226,20241011,1
226,20241225,1
226,20241226,1
227,20240329,1
227,20240404,1
227,20240501,1
227,20240515,1
227,20240918,1
227,20241011,1
227,20241225,1
227,20241226,1
228,20240101,1
228,20240212,1
228,20240213,1
228,20240329,1
228,20240401,1
228,20240404,1
228,20240610,1
228,20240701,1
228,20241001,1
228,20241011,1
228,20241226,1
229,20240213,1
229,20240329,1
229,20240404,1
229,20241001,1
229,20241011,1
229,20241226,1
230,20240101,1
230,20240212,1
230,20240329,1
230,20240401,1
230,20240404,1
230,20240610,1
230,20240701,1
230,20241011,1
230,20241226,1
231,20240329,1
231,20240404,1
231,20241011,1
231,20241226,1
232,20240101,1
232,20240212,1
232,20240213,1
232,20240329,1
232,20240401,1
232,20240501,1
232,20240515,1
232,20240610,1
232,20240701,1
232,20240918,1
232,20241001,1
232,20241011,1
232,20241225,1
233,20240213,1
233,20240329,1
233,20240501,1
233,20240515,1
233,20240918,1
233,20241001,1
233,20241011,1
233,20241225,1
234,20240101,1
234,20240212,1
234,20240329,1
234,20240401,1
234,20240501,1
234,20240515,1
234,20240610,1
234,20240701,1
234,20240918,1
234,20241011,1
234,20241225,1
235,20240329,1
235,20240501,1
235,20240515,1
235,20240918,1
235,20241011,1
235,20241225,1
236,20240101,1
236,20240212,1
236,20240213,1
236,20240329,1
236,20240401,1
236,20240610,1
236,20240701,1
236,20241001,1
236,20241011,1
237,20240213,1
237,20240329,1
237,20241001,1
237,20241011,1
238,20240101,1
238,20240212,1
238,20240329,1
238,20240401,1
238,20240610,1
238,20240701,1
238,20241011,1
239,20240329,1
239,20241011,1
240,20240101,1
240,20240212,1
240,20240213,1
240,20240401,1
240,20240404,1
240,20240501,1
240,20240515,1
240,20240610,1
240,20240701,1
240,20240918,1
240,20241001,1
240,20241225,1
240,20241226,1
241,20240213,1
241,20240404,1
241,20240501,1
241,20240515,1
241,20240918,1
241,20241001,1
241,20241225,1
241,20241226,1
242,20240101,1
242,20240212,1
242,20240401,1
242,20240404,1
242,20240501,1
242,20240515,1
242,20240610,1
242,20240701,1
242,20240918,1
242,20241225,1
242,20241226,1
243,20240404,1
243,20240501,1
243,20240515,1
243,20240918,1
243,20241225,1
243,20241226,1
244,20240101,1
244,20240212,1
244,20240213,1
244,20240401,1
244,20240404,1
244,20240610,1
244,20240701,1
244,20241001,1
244,20241226,1
245,20240213,1
245,20240404,1
245,20241001,1
245,20241226,1
246,20240101,1
246,20240212,1
246,20240401,1
246,20240404,1
246,20240610,1
246,20240701,1
246,20241226,1
247,20240404,1
247,20241226,1
248,20240101,1
248,20240212,1
248,20240213,1
248,20240401,1
248,20240501,1
248,20240515,1
248,20240610,1
248,20240701,1
248,20240918,1
248,20241001,1
248,20241225,1
249,20240213,1
249,20240501,1
249,20240515,1
249,20240918,1
249,20241001,1
249,20241225,1
250,20240101,1
250,20240212,1
250,20240401,1
250,20240501,1
250,20240515,1
250,20240610,1
250,20240701,1
250,20240918,1
250,20241225,1
251,20240501,1
251,20240515,1
251,20240918,1
251,20241225,1
252,20240101,1
252,20240212,1
252,20240213,1
252,20240401,1
252,20240610,1
252,20240701,1
252,20241001,1
253,20240213,1
253,20241001,1
254,20240101,1
254,20240212,1
254,20240401,1
254,20240610,1
254,20240701,1
257,20240101,2
257,20240212,2
257,20240401,2
257,20240610,2
257,20240701,2
258,20240213,2
258,20241001,2
259,20240101,2
259,20240212,2
259,20240213,2
259,20240401,2
259,20240610,2
259,20240701,2
259,20241001,2
260,20240501,2
260,20240515,2
260,20240918,2
260,20241225,2
261,20240101,2
261,20240212,2
261,20240401,2
261,20240501,2
261,20240515,2
261,20240610,2
261,20240701,2
261,20240918,2
261,20241225,2
262,20240213,2
262,20240501,2
262,20240515,2
262,20240918,2
262,20241001,2
262,20241225,2
263,20240101,2
263,20240212,2
263,20240213,2
263,20240401,2
263,20240501,2
263,20240515,2
263,20240610,2
263,20240701,2
263,20240918,2
263,20241001,2
263,20241225,2
264,20240404,2
264,20241226,2
265,20240101,2
265,20240212,2
265,20240401,2
265,20240404,2
265,20240610,2
265,20240701,2
265,20241226,2
266,20240213,2
266,20240404,2
266,20241001,2
266,20241226,2
267,20240101,2
267,20240212,2
267,20240213,2
267,20240401,2
267,20240404,2
267,20240610,2
267,20240701,2
267,20241001,2
267,20241226,2
268,20240404,2
268,20240501,2
268,20240515,2
268,20240918,2
268,20241225,2
268,20241226,2
269,20240101,2
269,20240212,2
269,20240401,2
269,20240404,2
269,20240501,2
269,20240515,2
269,20240610,2
269,20240701,2
269,20240918,2
269,20241225,2
269,20241226,2
270,20240213,2
270,20240404,2
270,20240501,2
270,20240515,2
270,20240918,2
270,20241001,2
270,20241225,2
270,20241226,2
271,20240101,2
271,20240212,2
271,20240213,2
271,20240401,2
271,20240404,2
271,20240501,2
271,20240515,2
271,20240610,2
271,20240701,2
271,20240918,2
271,20241001,2
271,20241225,2
271,20241226,2
272,20240329,2
272,20241011,2
273,20240101,2
273,20240212,2
273,20240329,2
273,20240401,2
273,20240610,2
273,20240701,2
273,20241011,2
274,20240213,2
274,20240329,2
274,20241001,2
274,20241011,2
275,20240101,2
275,20240212,2
275,20240213,2
275,20240329,2
275,20240401,2
275,20240610,2
275,20240701,2
275,20241001,2
275,20241011,2
276,20240329,2
276,20240501,2
276,20240515,2
276,20240918,2
276,20241011,2
276,20241225,2
277,20240101,2
277,20240212,2
277,20240329,2
277,20240401,2
277,20240501,2
277,20240515,2
277,20240610,2
277,20240701,2
277,20240918,2
277,20241011,2
277,20241225,2
278,20240213,2
278,20240329,2
278,20240501,2
278,20240515,2
278,20240918,2
278,20241001,2
278,20241011,2
278,20241225,2
279,20240101,2
279,20240212,2
279,20240213,2
279,20240329,2
279,20240401,2
279,20240501,2
279,20240515,2
279,20240610,2
279,20240701,2
279,20240918,2
279,20241001,2
279,20241011,2
279,20241225,2
280,20240329,2
280,20240404,2
280,20241011,2
280,20241226,2
281,20240101,2
281,20240212,2
281,20240329,2
281,20240401,2
281,20240404,2
281,20240610,2
281,20240701,2
281,20241011,2
281,20241226,2
282,20240213,2
282,20240329,2
282,20240404,2
282,20241001,2
282,20241011,2
282,20241226,2
283,20240101,2
283,20240212,2
283,20240213,2
283,20240329,2
283,20240401,2
283,20240404,2
283,20240610,2
283,20240701,2
283,20241001,2
283,20241011,2
283,20241226,2
284,20240329,2
284,20240404,2
284,20240501,2
284,20240515,2
284,20240918,2
284,20241011,2
284,20241225,2
284,20241226,2
285,20240101,2
285,20240212,2
285,20240329,2
285,20240401,2
285,20240404,2
285,20240501,2
285,20240515,2
285,20240610,2
285,20240701,2
285,20240918,2
285,20241011,2
285,20241225,2
285,20241226,2
286,20240213,2
286,20240329,2
286,20240404,2
286,20240501,2
286,20240515,2
286,20240918,2
286,20241001,2
286,20241011,2
286,20241225,2
286,20241226,2
287,20240101,2
287,20240212,2
287,20240213,2
287,20240329,2
287,20240401,2
287,20240404,2
287,20240501,2
287,20240515,2
287,20240610,2
287,20240701,2
287,20240918,2
287,20241001,2
287,20241011,2
287,20241225,2
287,20241226,2
288,20240210,2
288,20240330,2
289,20240101,2
289,20240210,2
289,20240212,2
289,20240330,2
289,20240401,2
289,20240610,2
289,20240701,2
290,20240210,2
290,20240213,2
290,20240330,2
290,20241001,2
291,20240101,2
291,20240210,2
291,20240212,2
291,20240213,2
291,20240330,2
291,20240401,2
291,20240610,2
291,20240701,2
291,20241001,2
292,20240210,2
292,20240330,2
292,20240501,2
292,20240515,2
292,20240918,2
292,20241225,2
293,20240101,2
293,20240210,2
293,20240212,2
293,20240330,2
293,20240401,2
293,20240501,2
293,20240515,2
293,20240610,2
293,20240701,2
293,20240918,2
293,20241225,2
294,20240210,2
294,20240213,2
294,20240330,2
294,20240501,2
294,20240515,2
294,20240918,2
294,20241001,2
294,20241225,2
295,20240101,2
295,20240210,2
295,20240212,2
295,20240213,2
295,20240330,2
295,20240401,2
295,20240501,2
295,20240515,2
295,20240610,2
295,20240701,2
295,20240918,2
295,20241001,2
295,20241225,2
296,20240210,2
296,20240330,2
296,20240404,2
296,20241226,2
297,20240101,2
297,20240210,2
297,20240212,2
297,20240330,2
297,20240401,2
297,20240404,2
297,20240610,2
297,20240701,2
297,20241226,2
298,20240210,2
298,20240213,2
298,20240330,2
298,20240404,2
298,20241001,2
298,20241226,2
299,20240101,2
299,20240210,2
299,20240212,2
299,20240213,2
299,20240330,2
299,20240401,2
299,20240404,2
299,20240610,2
299,20240701,2
299,20241001,2
299,20241226,2
300,20240210,2
300,20240330,2
300,20240404,2
300,20240501,2
300,20240515,2
300,20240918,2
300,20241225,2
300,20241226,2
301,20240101,2
301,20240210,2
301,20240212,2
301,20240330,2
301,20240401,2
301,20240404,2
301,20240501,2
301,20240515,2
301,20240610,2
301,20240701,2
301,20240918,2
301,20241225,2
301,20241226,2
302,20240210,2
302,20240213,2
302,20240330,2
302,20240404,2
302,20240501,2
302,20240515,2
302,20240918,2
302,20241001,2
302,20241225,2
302,20241226,2
303,20240101,2
303,20240210,2
303,20240212,2
303,20240213,2
303,20240330,2
303,20240401,2
303,20240404,2
303,20240501,2
303,20240515,2
303,20240610,2
303,20240701,2
303,20240918,2
303,20241001,2
303,20241225,2
303,20241226,2
304,20240210,2
304,20240329,2
304,20240330,2
304,20241011,2
305,20240101,2
305,20240210,2
305,20240212,2
305,20240329,2
305,20240330,2
305,20240401,2
305,20240610,2
305,20240701,2
305,20241011,2
306,20240210,2
306,20240213,2
306,20240329,2
306,20240330,2
306,20241001,2
306,20241011,2
307,20240101,2
307,20240210,2
307,20240212,2
307,20240213,2
307,20240329,2
307,20240330,2
307,20240401,2
307,20240610,2
307,20240701,2
307,20241001,2
307,20241011,2
308,20240210,2
308,20240329,2
308,20240330,2
308,20240501,2
308,20240515,2
308,20240918,2
308,20241011,2
308,20241225,2
309,20240101,2
309,20240210,2
309,20240212,2
309,20240329,2
309,20240330,2
309,20240401,2
309,20240501,2
309,20240515,2
309,20240610,2
309,20240701,2
309,20240918,2
309,20241011,2
309,20241225,2
310,20240210,2
310,20240213,2
310,20240329,2
310,20240330,2
310,20240501,2
310,20240515,2
310,20240918,2
310,20241001,2
310,20241011,2
310,20241225,2
311,20240101,2
311,20240210,2
311,20240212,2
311,20240213,2
311,20240329,2
311,20240330,2
311,20240401,2
311,20240501,2
311,20240515,2
311,20240610,2
311,20240701,2
311,20240918,2
311,20241001,2
311,20241011,2
311,20241225,2
312,20240210,2
312,20240329,2
312,20240330,2
312,20240404,2
312,20241011,2
312,20241226,2
313,20240101,2
313,20240210,2
313,20240212,2
313,20240329,2
313,20240330,2
313,20240401,2
313,20240404,2
313,20240610,2
313,20240701,2
313,20241011,2
313,20241226,2
314,20240210,2
314,20240213,2
314,20240329,2
314,20240330,2
314,20240404,2
314,20241001,2
314,20241011,2
314,20241226,2
315,20240101,2
315,20240210,2
315,20240212,2
315,20240213,2
315,20240329,2
315,20240330,2
315,20240401,2
315,20240404,2
315,20240610,2
315,20240701,2
315,20241001,2
315,20241011,2
315,20241226,2
316,20240210,2
316,20240329,2
316,20240330,2
316,20240404,2
316,20240501,2
316,20240515,2
316,20240918,2
316,20241011,2
316,20241225,2
316,20241226,2
317,20240101,2
317,20240210,2
317,20240212,2
317,20240329,2
317,20240330,2
317,20240401,2
317,20240404,2
317,20240501,2
317,20240515,2
317,20240610,2
317,20240701,2
317,20240918,2
317,20241011,2
317,20241225,2
317,20241226,2
318,20240210,2
318,20240213,2
318,20240329,2
318,20240330,2
318,20240404,2
318,20240501,2
318,20240515,2
318,20240918,2
318,20241001,2
318,20241011,2
318,20241225,2
318,20241226,2
319,20240101,2
319,20240210,2
319,20240212,2
319,20240213,2
319,20240329,2
319,20240330,2
319,20240401,2
319,20240404,2
319,20240501,2
319,20240515,2
319,20240610,2
319,20240701,2
319,20240918,2
319,20241001,2
319,20241011,2
319,20241225,2
319,20241226,2
321,20240101,2
321,20240212,2
321,20240401,2
321,20240610,2
321,20240701,2
322,20240213,2
322,20241001,2
323,20240101,2
323,20240212,2
323,20240213,2
323,20240401,2
323,20240610,2
323,20240701,2
323,20241001,2
324,20240501,2
324,20240515,2
324,20240918,2
324,20241225,2
325,20240101,2
325,20240212,2
325,20240401,2
325,20240501,2
325,20240515,2
325,20240610,2
325,20240701,2
325,20240918,2
325,20241225,2
326,20240213,2
326,20240501,2
326,20240515,2
326,20240918,2
326,20241001,2
326,20241225,2
327,20240101,2
327,20240212,2
327,20240213,2
327,20240401,2
327,20240501,2
327,20240515,2
327,20240610,2
327,20240701,2
327,20240918,2
327,20241001,2
327,20241225,2
328,20240404,2
328,20241226,2
329,20240101,2
329,20240212,2
329,20240401,2
329,20240404,2
329,20240610,2
329,20240701,2
329,20241226,2
330,20240213,2
330,20240404,2
330,20241001,2
330,20241226,2
331,20240101,2
331,20240212,2
331,20240213,2
331,20240401,2
331,20240404,2
331,20240610,2
331,20240701,2
331,20241001,2
331,20241226,2
332,20240404,2
332,20240501,2
332,20240515,2
332,20240918,2
332,20241225,2
332,20241226,2
333,20240101,2
333,20240212,2
333,20240401,2
333,20240404,2
333,20240501,2
333,20240515,2
333,20240610,2
333,20240701,2
333,20240918,2
333,20241225,2
333,20241226,2
334,20240213,2
334,20240404,2
334,20240501,2
334,20240515,2
334,20240918,2
334,20241001,2
334,20241225,2
334,20241226,2
335,20240101,2
335,20240212,2
335,20240213,2
335,20240401,2
335,20240404,2
335,20240501,2
335,20240515,2
335,20240610,2
335,20240701,2
335,20240918,2
335,20241001,2
335,20241225,2
335,20241226,2
336,20240329,2
336,20241011,2
337,20240101,2
337,20240212,2
337,20240329,2
337,20240401,2
337,20240610,2
337,20240701,2
337,20241011,2
338,20240213,2
338,20240329,2
338,20241001,2
338,20241011,2
339,20240101,2
339,20240212,2
339,20240213,2
339,20240329,2
339,20240401,2
339,20240610,2
339,20240701,2
339,20241001,2
339,20241011,2
340,20240329,2
340,20240501,2
340,20240515,2
340,20240918,2
340,20241011,2
340,20241225,2
341,20240101,2
341,20240212,2
341,20240329,2
341,20240401,2
341,20240501,2
341,20240515,2
341,20240610,2
341,20240701,2
341,20240918,2
341,20241011,2
341,20241225,2
342,20240213,2
342,20240329,2
342,20240501,2
342,20240515,2
342,20240918,2
342,20241001,2
342,20241011,2
342,20241225,2
343,20240101,2
343,20240212,2
343,20240213,2
343,20240329,2
343,20240401,2
343,20240501,2
343,20240515,2
343,20240610,2
343,20240701,2
343,20240918,2
343,20241001,2
343,20241011,2
343,20241225,2
344,20240329,2
344,20240404,2
344,20241011,2
344,20241226,2
345,20240101,2
345,20240212,2
345,20240329,2
345,20240401,2
345,20240404,2
345,20240610,2
345,20240701,2
345,20241011,2
345,20241226,2
346,20240213,2
346,20240329,2
346,20240404,2
346,20241001,2
346,20241011,2
346,20241226,2
347,20240101,2
347,20240212,2
347,20240213,2
347,20240329,2
347,20240401,2
347,20240404,2
347,20240610,2
347,20240701,2
347,20241001,2
347,20241011,2
347,20241226,2
348,20240329,2
348,20240404,2
348,20240501,2
348,20240515,2
348,20240918,2
348,20241011,2
348,20241225,2
348,20241226,2
349,20240101,2
349,20240212,2
349,20240329,2
349,20240401,2
349,20240404,2
349,20240501,2
349,20240515,2
349,20240610,2
349,20240701,2
349,20240918,2
349,20241011,2
349,20241225,2
349,20241226,2
350,20240213,2
350,20240329,2
350,20240404,2
350,20240501,2
350,20240515,2
350,20240918,2
350,20241001,2
350,20241011,2
350,20241225,2
350,20241226,2
351,20240101,2
351,20240212,2
351,20240213,2
351,20240329,2
351,20240401,2
351,20240404,2
351,20240501,2
351,20240515,2
351,20240610,2
351,20240701,2
351,20240918,2
351,20241001,2
351,20241011,2
351,20241225,2
351,20241226,2
352,20240210,2
352,20240330,2
353,20240101,2
353,20240210,2
353,20240212,2
353,20240330,2
353,20240401,2
353,20240610,2
353,20240701,2
354,20240210,2
354,20240213,2
354,20240330,2
354,20241001,2
355,20240101,2
355,20240210,2
355,20240212,2
355,20240213,2
355,20240330,2
355,20240401,2
355,20240610,2
355,20240701,2
355,20241001,2
356,20240210,2
356,20240330,2
356,20240501,2
356,20240515,2
356,20240918,2
356,20241225,2
357,20240101,2
357,20240210,2
357,20240212,2
357,20240330,2
357,20240401,2
357,20240501,2
357,20240515,2
357,20240610,2
357,20240701,2
357,20240918,2
357,20241225,2
358,20240210,2
358,20240213,2
358,20240330,2
358,20240501,2
358,20240515,2
358,20240918,2
358,20241001,2
358,20241225,2
359,20240101,2
359,20240210,2
359,20240212,2
359,20240213,2
359,20240330,2
359,20240401,2
359,20240501,2
359,20240515,2
359,20240610,2
359,20240701,2
359,20240918,2
359,20241001,2
359,20241225,2
360,20240210,2
360,20240330,2
360,20240404,2
360,20241226,2
361,20240101,2
361,20240210,2
361,20240212,2
361,20240330,2
361,20240401,2
361,20240404,2
361,20240610,2
361,20240701,2
361,20241226,2
362,20240210,2
362,20240213,2
362,20240330,2
362,20240404,2
362,20241001,2
362,20241226,2
363,20240101,2
363,20240210,2
363,20240212,2
363,20240213,2
363,20240330,2
363,20240401,2
363,20240404,2
363,20240610,2
363,20240701,2
363,20241001,2
363,20241226,2
364,20240210,2
364,20240330,2
364,20240404,2
364,20240501,2
364,20240515,2
364,20240918,2
364,20241225,2
364,20241226,2
365,20240101,2
365,20240210,2
365,20240212,2
365,20240330,2
365,20240401,2
365,20240404,2
365,20240501,2
365,20240515,2
365,20240610,2
365,20240701,2
365,20240918,2
365,20241225,2
365,20241226,2
366,20240210,2
366,20240213,2
366,20240330,2
366,20240404,2
366,20240501,2
366,20240515,2
366,20240918,2
366,20241001,2
366,20241225,2
366,20241226,2
367,20240101,2
367,20240210,2
367,20240212,2
367,20240213,2
367,20240330,2
367,20240401,2
367,20240404,2
367,20240501,2
367,20240515,2
367,20240610,2
367,20240701,2
367,20240918,2
367,20241001,2
367,20241225,2
367,20241226,2
368,20240210,2
368,20240329,2
368,20240330,2
368,20241011,2
369,20240101,2
369,20240210,2
369,20240212,2
369,20240329,2
369,20240330,2
369,20240401,2
369,20240610,2
369,20240701,2
369,20241011,2
370,20240210,2
370,20240213,2
370,20240329,2
370,20240330,2
370,20241001,2
370,20241011,2
371,20240101,2
371,20240210,2
371,20240212,2
371,20240213,2
371,20240329,2
371,20240330,2
371,20240401,2
371,20240610,2
371,20240701,2
371,20241001,2
371,20241011,2
372,20240210,2
372,20240329,2
372,20240330,2
372,20240501,2
372,20240515,2
372,20240918,2
372,20241011,2
372,20241225,2
373,20240101,2
373,20240210,2
373,20240212,2
373,20240329,2
373,20240330,2
373,20240401,2
373,20240501,2
373,20240515,2
373,20240610,2
373,20240701,2
373,20240918,2
373,20241011,2
373,20241225,2
374,20240210,2
374,20240213,2
374,20240329,2
374,20240330,2
374,20240501,2
374,20240515,2
374,20240918,2
374,20241001,2
374,20241011,2
374,20241225,2
375,20240101,2
375,20240210,2
375,20240212,2
375,20240213,2
375,20240329,2
375,20240330,2
375,20240401,2
375,20240501,2
375,20240515,2
375,20240610,2
375,20240701,2
375,20240918,2
375,20241001,2
375,20241011,2
375,20241225,2
376,20240210,2
376,20240329,2
376,20240330,2
376,20240404,2
376,20241011,2
376,20241226,2
377,20240101,2
377,20240210,2
377,20240212,2
377,20240329,2
377,20240330,2
377,20240401,2
377,20240404,2
377,20240610,2
377,20240701,2
377,20241011,2
377,20241226,2
378,20240210,2
378,20240213,2
378,20240329,2
378,20240330,2
378,20240404,2
378,20241001,2
378,20241011,2
378,20241226,2
379,20240101,2
379,20240210,2
379,20240212,2
379,20240213,2
379,20240329,2
379,20240330,2
379,20240401,2
379,20240404,2
379,20240610,2
379,20240701,2
379,20241001,2
379,20241011,2
379,20241226,2
380,20240210,2
380,20240329,2
380,20240330,2
380,20240404,2
380,20240501,2
380,20240515,2
380,20240918,2
380,20241011,2
380,20241225,2
380,20241226,2
381,20240101,2
381,20240210,2
381,20240212,2
381,20240329,2
381,20240330,2
381,20240401,2
381,20240404,2
381,20240501,2
381,20240515,2
381,20240610,2
381,20240701,2
381,20240918,2
381,20241011,2
381,20241225,2
381,20241226,2
382,20240210,2
382,20240213,2
382,20240329,2
382,20240330,2
382,20240404,2
382,20240501,2
382,20240515,2
382,20240918,2
382,20241001,2
382,20241011,2
382,20241225,2
382,20241226,2
383,20240101,2
383,20240210,2
383,20240212,2
383,20240213,2
383,20240329,2
383,20240330,2
383,20240401,2
383,20240404,2
383,20240501,2
383,20240515,2
383,20240610,2
383,20240701,2
383,20240918,2
383,20241001,2
383,20241011,2
383,20241225,2
383,20241226,2
384,20240101,1
384,20240210,1
384,20240212,1
384,20240213,1
384,20240329,1
384,20240330,1
384,20240401,1
384,20240404,1
384,20240501,1
384,20240515,1
384,20240610,1
384,20240701,1
384,20240918,1
384,20241001,1
384,20241011,1
384,20241225,1
384,20241226,1
385,20240210,1
385,20240213,1
385,20240329,1
385,20240330,1
385,20240404,1
385,20240501,1
385,20240515,1
385,20240918,1
385,20241001,1
385,20241011,1
385,20241225,1
385,20241226,1
386,20240101,1
386,20240210,1
386,20240212,1
386,20240329,1
386,20240330,1
386,20240401,1
386,20240404,1
386,20240501,1
386,20240515,1
386,20240610,1
386,20240701,1
386,20240918,1
386,20241011,1
386,20241225,1
386,20241226,1
387,20240210,1
387,20240329,1
387,20240330,1
387,20240404,1
387,20240501,1
387,20240515,1
387,20240918,1
387,20241011,1
387,20241225,1
387,20241226,1
388,20240101,1
388,20240210,1
388,20240212,1
388,20240213,1
388,20240329,1
388,20240330,1
388,20240401,1
388,20240404,1
388,20240610,1
388,20240701,1
388,20241001,1
388,20241011,1
388,20241226,1
389,20240210,1
389,20240213,1
389,20240329,1
389,20240330,1
389,20240404,1
389,20241001,1
389,20241011,1
389,20241226,1
390,20240101,1
390,20240210,1
390,20240212,1
390,20240329,1
390,20240330,1
390,20240401,1
390,20240404,1
390,20240610,1
390,20240701,1
390,20241011,1
390,20241226,1
391,20240210,1
391,20240329,1
391,20240330,1
391,20240404,1
391,20241011,1
391,20241226,1
392,20240101,1
392,20240210,1
392,20240212,1
392,20240213,1
392,20240329,1
392,20240330,1
392,20240401,1
392,20240501,1
392,20240515,1
392,20240610,1
392,20240701,1
392,20240918,1
392,20241001,1
392,20241011,1
392,20241225,1
393,20240210,1
393,20240213,1
393,20240329,1
393,20240330,1
393,20240501,1
393,20240515,1
393,20240918,1
393,20241001,1
393,20241011,1
393,20241225,1
394,20240101,1
394,20240210,1
394,20240212,1
394,20240329,1
394,20240330,1
394,20240401,1
394,20240501,1
394,20240515,1
394,20240610,1
394,20240701,1
394,20240918,1
394,20241011,1
394,20241225,1
395,20240210,1
395,20240329,1
395,20240330,1
395,20240501,1
395,20240515,1
395,20240918,1
395,20241011,1
395,20241225,1
396,20240101,1
396,20240210,1
396,20240212,1
396,20240213,1
396,20240329,1
396,20240330,1
396,20240401,1
396,20240610,1
396,20240701,1
396,20241001,1
396,20241011,1
397,20240210,1
397,20240213,1
397,20240329,1
397,20240330,1
397,20241001,1
397,20241011,1
398,20240101,1
398,20240210,1
398,20240212,1
398,20240329,1
398,20240330,1
398,20240401,1
398,20240610,1
398,20240701,1
398,20241011,1
399,20240210,1
399,20240329,1
399,20240330,1
399,20241011,1
400,20240101,1
400,20240210,1
400,20240212,1
400,20240213,1
400,20240330,1
400,20240401,1
400,20240404,1
400,20240501,1
400,20240515,1
400,20240610,1
400,20240701,1
400,20240918,1
400,20241001,1
400,20241225,1
400,20241226,1
401,20240210,1
401,20240213,1
401,20240330,1
401,20240404,1
401,20240501,1
401,20240515,1
401,20240918,1
401,20241001,1
401,20241225,1
401,20241226,1
402,20240101,1
402,20240210,1
402,20240212,1
402,20240330,1
402,20240401,1
402,20240404,1
402,20240501,1
402,20240515,1
402,20240610,1
402,20240701,1
402,20240918,1
402,20241225,1
402,20241226,1
403,20240210,1
403,20240330,1
403,20240404,1
403,20240501,1
403,20240515,1
403,20240918,1
403,20241225,1
403,20241226,1
404,20240101,1
404,20240210,1
404,20240212,1
404,20240213,1
404,20240330,1
404,20240401,1
404,20240404,1
404,20240610,1
404,20240701,1
404,20241001,1
404,20241226,1
405,20240210,1
405,20240213,1
405,20240330,1
405,20240404,1
405,20241001,1
405,20241226,1
406,20240101,1
406,20240210,1
406,20240212,1
406,20240330,1
406,20240401,1
406,20240404,1
406,20240610,1
406,20240701,1
406,20241226,1
407,20240210,1
407,20240330,1
407,20240404,1
407,20241226,1
408,20240101,1
408,20240210,1
408,20240212,1
408,20240213,1
408,20240330,1
408,20240401,1
408,20240501,1
408,20240515,1
408,20240610,1
408,20240701,1
408,20240918,1
408,20241001,1
408,20241225,1
409,20240210,1
409,20240213,1
409,20240330,1
409,20240501,1
409,20240515,1
409,20240918,1
409,20241001,1
409,20241225,1
410,20240101,1
410,20240210,1
410,20240212,1
410,20240330,1
410,20240401,1
410,20240501,1
410,20240515,1
410,20240610,1
410,20240701,1
410,20240918,1
410,20241225,1
411,20240210,1
411,20240330,1
411,20240501,1
411,20240515,1
411,20240918,1
411,20241225,1
412,20240101,1
412,20240210,1
412,20240212,1
412,20240213,1
412,20240330,1
412,20240401,1
412,20240610,1
412,20240701,1
412,20241001,1
413,20240210,1
413,20240213,1
413,20240330,1
413,20241001,1
414,20240101,1
414,20240210,1
414,20240212,1
414,20240330,1
414,20240401,1
414,20240610,1
414,20240701,1
415,20240210,1
415,20240330,1
416,20240101,1
416,20240212,1
416,20240213,1
416,20240329,1
416,20240401,1
416,20240404,1
416,20240501,1
416,20240515,1
416,20240610,1
416,20240701,1
416,20240918,1
416,20241001,1
416,20241011,1
416,20241225,1
416,20241226,1
417,20240213,1
417,20240329,1
417,20240404,1
417,20240501,1
417,20240515,1
417,20240918,1
417,20241001,1
417,20241011,1
417,20241225,1
417,20241226,1
418,20240101,1
418,20240212,1
418,20240329,1
418,20240401,1
418,20240404,1
418,20240501,1
418,20240515,1
418,20240610,1
418,20240701,1
418,20240918,1
418,20241011,1
418,20241225,1
418,20241226,1
419,20240329,1
419,20240404,1
419,20240501,1
419,20240515,1
419,20240918,1
419,20241011,1
419,20241225,1
419,20241226,1
420,20240101,1
420,20240212,1
420,20240213,1
420,20240329,1
420,20240401,1
420,20240404,1
420,20240610,1
420,20240701,1
420,20241001,1
420,20241011,1
420,20241226,1
421,20240213,1
421,20240329,1
421,20240404,1
421,20241001,1
421,20241011,1
421,20241226,1
422,20240101,1
422,20240212,1
422,20240329,1
422,20240401,1
422,20240404,1
422,20240610,1
422,20240701,1
422,20241011,1
422,20241226,1
423,20240329,1
423,20240404,1
423,20241011,1
423,20241226,1
424,20240101,1
424,20240212,1
424,20240213,1
424,20240329,1
424,20240401,1
424,20240501,1
424,20240515,1
424,20240610,1
424,20240701,1
424,20240918,1
424,20241001,1
424,20241011,1
424,20241225,1
425,20240213,1
425,20240329,1
425,20240501,1
425,20240515,1
425,20240918,1
425,20241001,1
425,20241011,1
425,20241225,1
426,20240101,1
426,20240212,1
426,20240329,1
426,20240401,1
426,20240501,1
426,20240515,1
426,20240610,1
426,20240701,1
426,20240918,1
426,20241011,1
426,20241225,1
427,20240329,1
427,20240501,1
427,20240515,1
427,20240918,1
427,20241011,1
427,20241225,1
428,20240101,1
428,20240212,1
428,20240213,1
428,20240329,1
428,20240401,1
428,20240610,1
428,20240701,1
428,20241001,1
428,20241011,1
429,20240213,1
429,20240329,1
429,20241001,1
429,20241011,1
430,20240101,1
430,20240212,1
430,20240329,1
430,20240401,1
430,20240610,1
430,20240701,1
430,20241011,1
431,20240329,1
431,20241011,1
432,20240101,1
432,20240212,1
432,20240213,1
432,20240401,1
432,20240404,1
432,20240501,1
432,20240515,1
432,20240610,1
432,20240701,1
432,20240918,1
432,20241001,1
432,20241225,1
432,20241226,1
433,20240213,1
433,20240404,1
433,20240501,1
433,20240515,1
433,20240918,1
433,20241001,1
433,20241225,1
433,20241226,1
434,20240101,1
434,20240212,1
434,20240401,1
434,20240404,1
434,20240501,1
434,20240515,1
434,20240610,1
434,20240701,1
434,20240918,1
434,20241225,1
434,20241226,1
435,20240404,1
435,20240501,1
435,20240515,1
435,20240918,1
435,20241225,1
435,20241226,1
436,20240101,1
436,20240212,1
436,20240213,1
436,20240401,1
436,20240404,1
436,20240610,1
436,20240701,1
436,20241001,1
436,20241226,1
437,20240213,1
437,20240404,1
437,20241001,1
437,20241226,1
438,20240101,1
438,20240212,1
438,20240401,1
438,20240404,1
438,20240610,1
438,20240701,1
438,20241226,1
439,20240404,1
439,20241226,1
440,20240101,1
440,20240212,1
440,20240213,1
440,20240401,1
440,20240501,1
440,20240515,1
440,20240610,1
440,20240701,1
440,20240918,1
440,20241001,1
440,20241225,1
441,20240213,1
441,20240501,1
441,20240515,1
441,20240918,1
441,20241001,1
441,20241225,1
442,20240101,1
442,20240212,1
442,20240401,1
442,20240501,1
442,20240515,1
442,20240610,1
442,20240701,1
442,20240918,1
442,20241225,1
443,20240501,1
443,20240515,1
443,20240918,1
443,20241225,1
444,20240101,1
444,20240212,1
444,20240213,1
444,20240401,1
444,20240610,1
444,20240701,1
444,20241001,1
445,20240213,1
445,20241001,1
446,20240101,1
446,20240212,1
446,20240401,1
446,20240610,1
446,20240701,1
448,20240101,1
448,20240210,1
448,20240212,1
448,20240213,1
448,20240329,1
448,20240330,1
448,20240401,1
448,20240404,1
448,20240501,1
448,20240515,1
448,20240610,1
448,20240701,1
448,20240918,1
448,20241001,1
448,20241011,1
448,20241225,1
448,20241226,1
449,20240210,1
449,20240213,1
449,20240329,1
449,20240330,1
449,20240404,1
449,20240501,1
449,20240515,1
449,20240918,1
449,20241001,1
449,20241011,1
449,20241225,1
449,20241226,1
450,20240101,1
450,20240210,1
450,20240212,1
450,20240329,1
450,20240330,1
450,20240401,1
450,20240404,1
450,20240501,1
450,20240515,1
450,20240610,1
450,20240701,1
450,20240918,1
450,20241011,1
450,20241225,1
450,20241226,1
451,20240210,1
451,20240329,1
451,20240330,1
451,20240404,1
451,20240501,1
451,20240515,1
451,20240918,1
451,20241011,1
451,20241225,1
451,20241226,1
452,20240101,1
452,20240210,1
452,20240212,1
452,20240213,1
452,20240329,1
452,20240330,1
452,20240401,1
452,20240404,1
452,20240610,1
452,20240701,1
452,20241001,1
452,20241011,1
452,20241226,1
453,20240210,1
453,20240213,1
453,20240329,1
453,20240330,1
453,20240404,1
453,20241001,1
453,20241011,1
453,20241226,1
454,20240101,1
454,20240210,1
454,20240212,1
454,20240329,1
454,20240330,1
454,20240401,1
454,20240404,1
454,20240610,1
454,20240701,1
454,20241011,1
454,20241226,1
455,20240210,1
455,20240329,1
455,20240330,1
455,20240404,1
455,20241011,1
455,20241226,1
456,20240101,1
456,20240210,1
456,20240212,1
456,20240213,1
456,20240329,1
456,20240330,1
456,20240401,1
456,20240501,1
456,20240515,1
456,20240610,1
456,20240701,1
456,20240918,1
456,20241001,1
456,20241011,1
456,20241225,1
457,20240210,1
457,20240213,1
457,20240329,1
457,20240330,1
457,20240501,1
457,20240515,1
457,20240918,1
457,20241001,1
457,20241011,1
457,20241225,1
458,20240101,1
458,20240210,1
458,20240212,1
458,20240329,1
458,20240330,1
458,20240401,1
458,20240501,1
458,20240515,1
458,20240610,1
458,20240701,1
458,20240918,1
458,20241011,1
458,20241225,1
459,20240210,1
459,20240329,1
459,20240330,1
459,20240501,1
459,20240515,1
459,20240918,1
459,20241011,1
459,20241225,1
460,20240101,1
460,20240210,1
460,20240212,1
460,20240213,1
460,20240329,1
460,20240330,1
460,20240401,1
460,20240610,1
460,20240701,1
460,20241001,1
460,20241011,1
461,20240210,1
461,20240213,1
461,20240329,1
461,20240330,1
461,20241001,1
461,20241011,1
462,20240101,1
462,20240210,1
462,20240212,1
462,20240329,1
462,20240330,1
462,20240401,1
462,20240610,1
462,20240701,1
462,20241011,1
463,20240210,1
463,20240329,1
463,20240330,1
463,20241011,1
464,20240101,1
464,20240210,1
464,20240212,1
464,20240213,1
464,20240330,1
464,20240401,1
464,20240404,1
464,20240501,1
464,20240515,1
464,20240610,1
464,20240701,1
464,20240918,1
464,20241001,1
464,20241225,1
464,20241226,1
465,20240210,1
465,20240213,1
465,20240330,1
465,20240404,1
465,20240501,1
465,20240515,1
465,20240918,1
465,20241001,1
465,20241225,1
465,20241226,1
466,20240101,1
466,20240210,1
466,20240212,1
466,20240330,1
466,20240401,1
466,20240404,1
466,20240501,1
466,20240515,1
466,20240610,1
466,20240701,1
466,20240918,1
466,20241225,1
466,20241226,1
467,20240210,1
467,20240330,1
467,20240404,1
467,20240501,1
467,20240515,1
467,20240918,1
467,20241225,1
467,20241226,1
468,20240101,1
468,20240210,1
468,20240212,1
468,20240213,1
468,20240330,1
468,20240401,1
468,20240404,1
468,20240610,1
468,20240701,1
468,20241001,1
468,20241226,1
469,20240210,1
469,20240213,1
469,20240330,1
469,20240404,1
469,20241001,1
469,20241226,1
470,20240101,1
470,20240210,1
470,20240212,1
470,20240330,1
470,20240401,1
470,20240404,1
470,20240610,1
470,20240701,1
470,20241226,1
471,20240210,1
471,20240330,1
471,20240404,1
471,20241226,1
472,20240101,1
472,20240210,1
472,20240212,1
472,20240213,1
472,20240330,1
472,20240401,1
472,20240501,1
472,20240515,1
472,20240610,1
472,20240701,1
472,20240918,1
472,20241001,1
472,20241225,1
473,20240210,1
473,20240213,1
473,20240330,1
473,20240501,1
473,20240515,1
473,20240918,1
473,20241001,1
473,20241225,1
474,20240101,1
474,20240210,1
474,20240212,1
474,20240330,1
474,20240401,1
474,20240501,1
474,20240515,1
474,20240610,1
474,20240701,1
474,20240918,1
474,20241225,1
475,20240210,1
475,20240330,1
475,20240501,1
475,20240515,1
475,20240918,1
475,20241225,1
476,20240101,1
476,20240210,1
476,20240212,1
476,20240213,1
476,20240330,1
476,20240401,1
476,20240610,1
476,20240701,1
476,20241001,1
477,20240210,1
477,20240213,1
477,20240330,1
477,20241001,1
478,20240101,1
478,20240210,1
478,20240212,1
478,20240330,1
478,20240401,1
478,20240610,1
478,20240701,1
479,20240210,1
479,20240330,1
480,20240101,1
480,20240212,1
480,20240213,1
480,20240329,1
480,20240401,1
480,20240404,1
480,20240501,1
480,20240515,1
480,20240610,1
480,20240701,1
480,20240918,1
480,20241001,1
480,20241011,1
480,20241225,1
480,20241226,1
481,20240213,1
481,20240329,1
481,20240404,1
481,20240501,1
481,20240515,1
481,20240918,1
481,20241001,1
481,20241011,1
481,20241225,1
481,20241226,1
482,20240101,1
482,20240212,1
482,20240329,1
482,20240401,1
482,20240404,1
482,20240501,1
482,20240515,1
482,20240610,1
482,20240701,1
482,20240918,1
482,20241011,1
482,20241225,1
482,20241226,1
483,20240329,1
483,20240404,1
483,20240501,1
483,20240515,1
483,20240918,1
483,20241011,1
483,20241225,1
483,20241226,1
484,20240101,1
484,20240212,1
484,20240213,1
484,20240329,1
484,20240401,1
484,20240404,1
484,20240610,1
484,20240701,1
484,20241001,1
484,20241011,1
484,20241226,1
485,20240213,1
485,20240329,1
485,20240404,1
485,20241001,1
485,20241011,1
485,20241226,1
486,20240101,1
486,20240212,1
486,20240329,1
486,20240401,1
486,20240404,1
486,20240610,1
486,20240701,1
486,20241011,1
486,20241226,1
487,20240329,1
487,20240404,1
487,20241011,1
487,20241226,1
488,20240101,1
488,20240212,1
488,20240213,1
488,20240329,1
488,20240401,1
488,20240501,1
488,20240515,1
488,20240610,1
488,20240701,1
488,20240918,1
488,20241001,1
488,20241011,1
488,20241225,1
489,20240213,1
489,20240329,1
489,20240501,1
489,20240515,1
489,20240918,1
489,20241001,1
489,20241011,1
489,20241225,1
490,20240101,1
490,20240212,1
490,20240329,1
490,20240401,1
490,20240501,1
490,20240515,1
490,20240610,1
490,20240701,1
490,20240918,1
490,20241011,1
490,20241225,1
491,20240329,1
491,20240501,1
491,20240515,1
491,20240918,1
491,20241011,1
491,20241225,1
492,20240101,1
492,20240212,1
492,20240213,1
492,20240329,1
492,20240401,1
492,20240610,1
492,20240701,1
492,20241001,1
492,20241011,1
493,20240213,1
493,20240329,1
493,20241001,1
493,20241011,1
494,20240101,1
494,20240212,1
494,20240329,1
494,20240401,1
494,20240610,1
494,20240701,1
494,20241011,1
495,20240329,1
495,20241011,1
496,20240101,1
496,20240212,1
496,20240213,1
496,20240401,1
496,20240404,1
496,20240501,1
496,20240515,1
496,20240610,1
496,20240701,1
496,20240918,1
496,20241001,1
496,20241225,1
496,20241226,1
497,20240213,1
497,20240404,1
497,20240501,1
497,20240515,1
497,20240918,1
497,20241001,1
497,20241225,1
497,20241226,1
498,20240101,1
498,20240212,1
498,20240401,1
498,20240404,1
498,20240501,1
498,20240515,1
498,20240610,1
498,20240701,1
498,20240918,1
498,20241225,1
498,20241226,1
499,20240404,1
499,20240501,1
499,20240515,1
499,20240918,1
499,20241225,1
499,20241226,1
500,20240101,1
500,20240212,1
500,20240213,1
500,20240401,1
500,20240404,1
500,20240610,1
500,20240701,1
500,20241001,1
500,20241226,1
501,20240213,1
501,20240404,1
501,20241001,1
501,20241226,1
502,20240101,1
502,20240212,1
502,20240401,1
502,20240404,1
502,20240610,1
502,20240701,1
502,20241226,1
503,20240404,1
503,20241226,1
504,20240101,1
504,20240212,1
504,20240213,1
504,20240401,1
504,20240501,1
504,20240515,1
504,20240610,1
504,20240701,1
504,20240918,1
504,20241001,1
504,20241225,1
505,20240213,1
505,20240501,1
505,20240515,1
505,20240918,1
505,20241001,1
505,20241225,1
506,20240101,1
506,20240212,1
506,20240401,1
506,20240501,1
506,20240515,1
506,20240610,1
506,20240701,1
506,20240918,1
506,20241225,1
507,20240501,1
507,20240515,1
507,20240918,1
507,20241225,1
508,20240101,1
508,20240212,1
508,20240213,1
508,20240401,1
508,20240610,1
508,20240701,1
508,20241001,1
509,20240213,1
509,20241001,1
510,20240101,1
510,20240212,1
510,20240401,1
510,20240610,1
510,20240701,1
